Range,class1,class2,class3,class4,class5,class6,class7,class8,class9,total
56.8888888888889,0.0727272727272727,0.109090909090909,0.0181818181818182,0.109090909090909,0.0909090909090909,0,0.109090909090909,0.381818181818182,0.109090909090909,55
113.777777777778,0.0625,0.109375,0.015625,0.109375,0.09375,0,0.109375,0.390625,0.109375,64
170.666666666667,0.0547945205479452,0.10958904109589,0.0136986301369863,0.10958904109589,0.0958904109589041,0,0.10958904109589,0.397260273972603,0.10958904109589,73
227.555555555556,0.0547945205479452,0.10958904109589,0.0136986301369863,0.10958904109589,0.0958904109589041,0,0.10958904109589,0.397260273972603,0.10958904109589,73
284.444444444444,0.0487804878048781,0.109756097560976,0.0121951219512195,0.109756097560976,0.0975609756097561,0,0.109756097560976,0.402439024390244,0.109756097560976,82
341.333333333333,0.0487804878048781,0.109756097560976,0.0121951219512195,0.109756097560976,0.0975609756097561,0,0.109756097560976,0.402439024390244,0.109756097560976,82
398.222222222222,0.0487804878048781,0.109756097560976,0.0121951219512195,0.109756097560976,0.0975609756097561,0,0.109756097560976,0.402439024390244,0.109756097560976,82
455.111111111111,0.0487804878048781,0.109756097560976,0.0121951219512195,0.109756097560976,0.0975609756097561,0,0.109756097560976,0.402439024390244,0.109756097560976,82
512,0.043956043956044,0.10989010989011,0.010989010989011,0.10989010989011,0.0989010989010989,0.010989010989011,0.10989010989011,0.406593406593407,0.0989010989010989,91
