BurglaryCount,Mean_Index
4,7204.7743635
36,6422.4367445
36,5663.31265016667
16,5197.45909575
24,1663.3607095
16,9797.3177305
4,7257.0407165
16,9513.037706
4,7977.1956295
16,9187.033299
25,7172.1671508
36,7806.67736366667
16,8216.362923
16,7911.03479675
25,10368.7545602
16,11555.169652
36,9993.52380766667
16,6711.42179175
4,9517.786084
36,8918.41774183333
16,9519.98478125
25,8719.4971516
4,1459.886175
20,9368.390001
4,7451.5982255
16,9008.4353855
25,8995.4165502
25,2028.718567
36,8351.51984683333
25,12056.1020076
36,7640.96889133333
25,8729.7627884
16,9717.54179475
25,11429.7849432
25,14803.5012648
36,8714.83486733333
36,10243.5540616667
12,2061.51929233333
16,12479.035868
25,8958.5776674
16,15652.8325585
16,10677.20132525
25,11335.9893556
36,13343.346058
4,8320.4067305
25,13585.447031
25,2167.8216604
16,11803.22662075
25,12209.6286066
16,22086.9045795
25,11000.2622568
16,14602.42833925
25,15844.5144926
16,9713.207879
4,17461.274868
4,14057.089791
36,18094.3858455
16,17658.89287025
25,12291.0832558
36,11509.9542728333
36,2620.23975266667
16,9548.56598375
25,18399.7554968
16,14273.373519
36,12427.794571
16,20389.710663
4,17886.0584005
4,22953.2489515
25,13052.9729114
25,17769.4848774
16,14168.62817925
36,16459.2598853333
36,16774.3435716667
16,11575.7441945
36,13042.3317525
25,13491.898315
16,2344.5574215
4,21081.185035
4,17247.648422
25,16570.1134172
4,21288.238195
4,17053.645004
4,14663.5247805
36,15720.8639603333
36,8628.44180416667
36,12361.3984835
36,2754.69340333333
25,12279.7801876
4,15737.003556
36,18338.4186553333
4,17906.601275
4,18565.0421175
36,25777.9320255
16,16463.896797
4,20388.0672285
25,24885.1131508
36,17612.0866818333
36,25286.4939333333
36,17786.4704775
25,17484.198229
16,21323.4676985
25,11212.2909292
36,3403.59842
16,22025.5118995
16,14474.39468575
36,21269.7280218333
16,11368.31443825
4,16462.3307865
25,20771.7145708
36,25960.1469786667
36,17124.1416065
16,31371.429459
16,21479.8808295
4,21635.35305
36,17268.6356345
4,31959.9125135
16,12307.31307
4,23928.971646
25,22983.9723902
16,2416.86414
36,18780.8988616667
25,13279.5450618
36,26030.3179081667
25,24085.7236216
16,20022.65295475
4,15496.0756175
16,16049.5712115
4,22999.369664
16,3699.3074755
4,21282.9852655
25,24122.1380908
16,23420.453167
25,22216.9209838
25,26363.6775498
25,24206.9278424
16,13570.3772745
4,41099.943343
24,1298.2822715
16,26466.14596375
16,3997.89613675
16,25508.99116875
36,22279.4202135
25,30275.9567646
4,20622.6754695
4,24058.0858395
16,24264.015018
4,34073.495882
36,28186.6858993333
36,30921.9158001667
16,3228.134492
36,21166.0821401667
25,28959.5983928
36,17952.8399751667
4,22325.1745435
16,31788.59459075
16,26507.72822325
4,22534.9642835
25,28486.23367
25,3046.6562152
36,23695.139407
4,24905.886398
25,34349.2887994
36,27661.5558431667
16,18026.56945275
25,24069.800164
36,20703.1395128333
36,21725.2525785
4,30813.5554605
20,20198.2434905
16,3645.59379075
25,31168.9800476
25,27137.9660012
25,29217.9522324
25,24280.4319704
36,25860.8723915
4,27615.629742
4,30510.2351845
16,30651.1490205
4,3002.39399
16,21078.4076225
25,24389.852792
25,26624.729008
36,36370.3166855
36,3903.5900735
25,33426.2077192
25,31201.338208
16,33967.2691
16,30001.7301845
16,30569.9415595
16,37352.69074275
4,16924.2799855
16,9772.870462
36,34801.9979181667
36,30114.9294968333
4,17332.0841145
4,33989.896594
4,39707.331074
36,32179.2032176667
4,19723.0716835
25,40376.8356054
16,31107.2460145
30,2409.1725194
16,27786.7426095
25,36238.8765198
25,38075.0551778
4,9631.7628895
4,21888.3402055
36,26871.6476621667
36,43559.618369
25,37124.2983072
36,23073.396879
36,31134.657215
36,38516.0685246667
16,31293.8852175
4,45354.9778085
36,38910.9829703333
16,5144.03346775
36,35826.3697148333
25,23830.8562818
4,38481.7518785
16,38812.11635575
4,25253.43752
16,23094.118507
25,35471.0047768
16,38789.21204425
36,34128.9431733333
25,3405.3365288
25,28443.2681128
25,35393.871479
25,36099.2021084
16,52711.21717625
25,40135.7427874
16,49747.71257425
36,37016.8656528333
36,34110.6481968333
25,43908.7948086
4,6822.2304425
25,28219.2651988
36,32299.5988876667
4,38088.8931275
36,38295.9484193333
4,3562.2733515
36,30195.8448195
25,40607.3564518
25,41112.6829896
4,5074.576756
25,27845.0775618
16,46395.6444625
4,13544.824893
16,39295.07373425
4,3364.3106225
16,27131.23302725
36,31682.7455903333
4,39958.40684
16,29199.1755235
16,42431.33803875
4,5339.146139
16,39750.25536875
4,31729.9766035
25,23241.8583012
25,32816.191391
16,5446.877171
16,46338.8518525
36,37415.542494
4,44010.31808
36,22747.5010976667
36,40250.4841031667
16,29094.36730975
4,16071.4560505
25,27041.1153392
25,4752.3207338
25,60916.978484
36,29368.3366636667
36,42986.9415623333
25,43090.2938452
36,31120.3219518333
4,28716.099634
25,25155.2373142
4,57802.192728
16,39891.6080805
4,29266.376961
16,42594.49120775
4,39157.833818
16,6444.53884725
16,50370.15681325
36,56346.4952086667
36,38254.5719945
25,37097.2717094
25,49978.1999518
16,61164.13481275
4,68649.4164165
25,54094.5647262
16,6467.044986
25,35688.1249358
36,32671.1718756667
4,47665.6878115
4,20169.893398
25,43581.422861
20,49716.3044735
36,57285.9657386667
4,7581.433114
4,23467.9829175
16,36397.86738275
25,35912.4440028
25,27390.4999102
16,5819.623875
4,77612.525668
36,53826.4578758333
25,37440.5707496
20,46271.29661775
16,27031.3261565
36,44515.433041
4,18582.1157145
20,1323.50652425
4,41279.892315
16,54039.3678895
36,4759.63371166667
4,44109.385275
16,31985.0568365
25,35528.253502
25,43601.5464538
36,57931.9477756667
4,49527.5207145
36,39143.722792
36,39954.235333
4,18489.8809595
4,59440.8964495
4,37733.4794085
25,48896.740429
36,53425.4451828333
25,42550.561034
36,46044.7822048333
25,5731.2702248
16,22849.606595
4,45273.139623
16,59790.17983725
36,42985.5825238333
25,50642.4821848
25,59702.7256614
16,43485.79466475
25,41243.4295526
25,36516.906772
16,53997.3160475
25,86630.9355752
4,58233.766946
16,67258.80295025
36,5353.58455633333
36,65066.829787
25,37193.3200534
1,7500
16,56560.34690375
36,57990.7434256667
25,38741.6784474
36,35339.860218
36,51126.3084778334
25,65581.5606522
25,63805.5994586
25,41761.6562094
25,37351.3995014
36,43415.9922686667
4,8791.5590785
4,39047.933574
16,34610.42388675
25,46710.2587906
4,37198.728127
16,36988.879931
36,7003.84971
36,54758.6682295
16,43194.20994325
36,63655.6968061667
16,52026.219128
36,68910.5374406666
4,92950.451824
36,64524.7659206666
4,59522.804579
16,56799.09784875
4,70277.9237235
4,69669.870189
16,69631.34019675
20,51272.87530825
36,39879.565656
25,52028.8098052
16,41002.89090375
36,5909.37785533334
36,42241.491799
25,41221.2341682
25,27241.5257598
25,52752.1311752
25,47229.4633908
36,65190.0030285
