Name,CarValue,Age,YearsNoClaims
Danny,1,1,1
Name1,2,18,0
Name1,2,18,0
Name1,2,18,0
Name1,2,18,0
Name1,2,18,0
Name1,2,18,0
Name1,2,18,0
Name1,2,18,0
Name1,2,18,0
Name2,6,19,0
Name2,6,19,0
Name2,6,19,0
Name2,6,19,0
Name2,6,19,0
Name2,6,19,0
Name2,4,19,0
Name2,4,19,0
Name2,6,19,0
Name2,6,19,0
Name3,9,20,0
Name3,12,20,0
Name3,9,20,0
Name3,9,20,0
Name3,12,20,0
Name4,16,21,0
Name4,8,21,0
Name4,20,21,0
Name4,16,21,0
Name4,20,21,0
Name4,16,21,0
Name4,20,21,0
Name5,10,22,1
Name5,15,22,1
Name5,15,22,1
Name5,15,22,1
Name5,15,22,1
Name5,15,22,1
Name6,24,23,1
Name6,30,23,1
Name6,42,23,1
Name6,36,23,1
Name6,24,23,1
Name7,14,24,1
Name8,72,25,1
Name8,48,25,1
Name8,16,25,1
Name8,24,25,1
Name8,32,25,1
Name8,24,25,1
Name8,32,25,1
Name8,56,25,1
Name9,18,26,1
Name9,90,26,1
Name9,81,26,1
Name9,90,26,1
Name9,45,26,1
Name10,20,27,1
Name10,100,27,1
Name10,20,27,1
Name10,40,27,1
Name10,60,27,1
Name10,30,27,1
Name10,30,27,1
Name10,100,27,1
Name10,70,27,1
Name10,100,27,1
Name11,77,28,1
Name11,22,28,1
Name11,33,28,1
Name11,44,28,1
Name12,144,29,1
Name13,104,30,1
Name13,169,30,1
Name13,39,30,1
Name13,91,30,1
Name13,91,30,1
Name14,210,31,1
Name14,140,31,1
Name15,105,32,2
Name15,30,32,2
Name15,60,32,2
Name16,192,33,2
Name16,160,33,2
Name16,208,33,2
Name16,192,33,2
Name16,112,33,2
Name16,224,33,2
Name16,256,33,2
Name16,144,33,2
Name17,119,34,2
Name17,170,34,2
Name17,255,34,2
Name17,136,34,2
Name17,187,34,2
Name18,306,35,2
Name18,234,35,2
Name18,90,35,2
Name18,180,35,2
Name18,306,35,2
Name18,108,35,2
Name18,108,35,2
Name18,126,35,2
Name18,162,35,2
Name18,324,35,2
Name19,76,36,2
Name19,171,36,2
Name19,114,36,2
Name19,285,36,2
Name19,76,36,2
Name20,200,37,2
Name20,60,37,2
Name20,360,37,2
Name20,400,37,2
Name21,294,38,2
Name21,231,38,2
Name21,273,38,2
Name21,126,38,2
Name21,315,38,2
Name22,220,39,2
Name22,44,39,2
Name22,484,39,2
Name22,88,39,2
Name23,391,40,2
Name23,414,40,2
Name23,391,40,2
Name23,437,40,2
Name24,552,41,2
Name24,432,41,2
Name24,48,41,2
Name24,336,41,2
Name24,552,41,2
Name24,384,41,2
Name24,504,41,2
Name24,144,41,2
Name24,552,41,2
Name24,312,41,2
Name25,475,42,3
Name25,325,42,3
Name25,475,42,3
Name25,75,42,3
Name25,100,42,3
Name25,550,42,3
Name25,125,42,3
Name25,350,42,3
Name25,450,42,3
Name25,325,42,3
Name26,104,43,3
Name26,156,43,3
Name26,598,43,3
Name26,78,43,3
Name26,390,43,3
Name26,494,43,3
Name26,234,43,3
Name26,52,43,3
Name26,156,43,3
Name27,189,44,3
Name27,297,44,3
Name27,702,44,3
Name27,567,44,3
Name28,476,45,3
Name28,364,45,3
Name28,280,45,3
Name28,560,45,3
Name28,588,45,3
Name29,145,46,3
Name29,174,46,3
Name30,840,47,3
Name30,210,47,3
Name30,450,47,3
Name30,180,47,3
Name30,630,47,3
Name30,210,47,3
Name31,155,48,3
Name31,279,48,3
Name31,620,48,3
Name31,341,48,3
Name31,310,48,3
Name32,800,49,3
Name32,640,49,3
Name32,992,49,3
Name32,896,49,3
Name32,672,49,3
Name32,480,49,3
Name32,224,49,3
Name32,480,49,3
Name32,672,49,3
Name32,768,49,3
Name33,99,50,3
Name33,396,50,3
Name33,759,50,3
Name33,957,50,3
Name33,1089,50,3
Name33,396,50,3
Name33,726,50,3
Name34,170,51,3
Name34,238,51,3
Name34,544,51,3
Name34,578,51,3
Name34,646,51,3
Name35,1225,52,4
Name35,875,52,4
Name35,875,52,4
Name35,140,52,4
Name35,315,52,4
Name35,1085,52,4
Name35,1015,52,4
Name36,828,53,4
Name37,74,54,4
Name37,629,54,4
Name37,1110,54,4
Name37,1147,54,4
Name37,111,54,4
Name37,1036,54,4
Name37,259,54,4
Name37,888,54,4
Name37,1073,54,4
Name37,1295,54,4
Name38,342,55,4
Name38,190,55,4
Name38,1026,55,4
Name38,684,55,4
Name38,988,55,4
Name38,988,55,4
Name38,342,55,4
Name38,380,55,4
Name39,741,56,4
Name39,1053,56,4
Name39,585,56,4
Name39,702,56,4
Name39,1326,56,4
Name39,975,56,4
Name39,897,56,4
Name40,560,57,4
Name40,1560,57,4
Name40,840,57,4
Name41,1148,58,4
Name41,1271,58,4
Name41,1722,58,4
Name41,246,58,4
Name41,164,58,4
Name41,820,58,4
Name42,1176,59,4
Name42,1722,59,4
Name42,420,59,4
Name42,1302,59,4
Name42,1008,59,4
Name42,1596,59,4
Name42,756,59,4
Name42,1386,59,4
Name43,344,60,4
Name43,559,60,4
Name43,1462,60,4
Name43,903,60,4
Name44,1496,61,4
Name44,1408,61,4
Name44,924,61,4
Name44,704,61,4
Name45,450,62,5
Name45,945,62,5
Name45,855,62,5
Name46,1794,63,5
Name46,874,63,5
Name46,1748,63,5
Name46,782,63,5
Name47,1927,64,5
Name47,423,64,5
Name47,2256,64,5
Name47,2021,64,5
Name47,423,64,5
Name48,1776,65,5
Name48,1872,65,5
Name48,1296,65,5
Name48,336,65,5
Name48,1632,65,5
Name49,1274,66,5
Name49,196,66,5
Name50,2400,67,5
Name50,1550,67,5
Name50,2250,67,5
Name50,100,67,5
Name50,1600,67,5
Name50,1400,67,5
Name51,663,68,5
Name51,2397,68,5
Name51,2295,68,5
Name51,1581,68,5
Name51,1785,68,5
Name51,1683,68,5
Name51,1989,68,5
Name51,2652,68,5
Name51,1581,68,5
Name52,104,69,5
Name52,2392,69,5
Name52,2340,69,5
Name52,1560,69,5
Name52,156,69,5
Name52,1040,69,5
Name53,636,70,5
Name53,636,70,5
Name53,636,70,5
Name53,1855,70,5
Name53,1590,70,5
Name54,1620,71,5
Name54,432,71,5
Name54,2592,71,5
Name54,864,71,5
Name54,1728,71,5
Name55,715,72,6
Name55,330,72,6
Name55,495,72,6
Name55,1980,72,6
Name55,220,72,6
Name56,2408,73,6
Name56,2800,73,6
Name56,3192,73,6
Name56,2520,73,6
Name56,616,73,6
Name56,504,73,6
Name56,3024,73,6
Name56,1008,73,6
Name57,2166,74,6
Name57,2850,74,6
Name57,2850,74,6
Name57,1539,74,6
Name57,684,74,6
Name58,3132,75,6
Name58,3422,75,6
Name58,2494,75,6
Name58,1044,75,6
Name59,2773,76,6
Name59,413,76,6
Name59,1357,76,6
Name59,1888,76,6
Name59,708,76,6
Name60,2520,77,6
Name60,3360,77,6
Name60,2760,77,6
Name60,2100,77,6
Name60,2220,77,6
Name60,600,77,6
Name60,3300,77,6
Name60,960,77,6
Name60,1680,77,6
Name60,3300,77,6
Name61,1220,78,6
Name62,3906,79,6
Name62,1240,79,6
Name63,252,80,6
Name63,3087,80,6
Name63,441,80,6
Name64,3776,81,6
Name64,512,81,6
Name64,1472,81,6
Name64,3136,81,6
Name64,320,81,6
Name64,2560,81,6
Name64,3072,81,6
Name64,3328,81,6
Name65,2470,82,7
Name65,390,82,7
Name65,1495,82,7
Name65,3250,82,7
Name65,650,82,7
Name65,2145,82,7
Name65,3445,82,7
Name66,396,83,7
Name67,4355,84,7
Name67,670,84,7
Name67,603,84,7
Name67,2948,84,7
Name67,3015,84,7
Name67,2747,84,7
Name67,1139,84,7
Name67,4489,84,7
Name68,1768,85,7
Name69,2967,86,7
Name69,1863,86,7
Name69,483,86,7
Name69,1104,86,7
Name69,2760,86,7
Name69,3174,86,7
Name69,828,86,7
Name70,1540,87,7
Name70,2730,87,7
Name71,639,88,7
Name71,4047,88,7
Name71,3124,88,7
Name71,2272,88,7
Name71,3905,88,7
Name72,648,89,7
Name72,1080,89,7
Name72,4248,89,7
Name72,4104,89,7
Name72,1512,89,7
Name72,3600,89,7
Name72,2448,89,7
Name73,1825,90,7
Name74,814,91,7
Name74,592,91,7
Name74,2442,91,7
Name74,4070,91,7
Name74,740,91,7
Name74,814,91,7
Name74,666,91,7
Name75,1200,92,8
Name75,1875,92,8
Name76,5244,93,8
Name76,3344,93,8
Name76,1368,93,8
Name77,4312,94,8
Name77,2002,94,8
Name77,3773,94,8
Name77,1155,94,8
Name77,2464,94,8
Name77,4158,94,8
Name77,5929,94,8
Name77,3773,94,8
Name77,2387,94,8
Name77,4620,94,8
Name78,4290,95,8
Name78,3354,95,8
Name78,3744,95,8
Name78,1950,95,8
Name79,2370,96,8
Name79,4740,96,8
Name79,2765,96,8
Name79,237,96,8
Name79,2133,96,8
Name80,6080,97,8
Name80,1680,97,8
Name80,4960,97,8
Name80,4880,97,8
Name80,4480,97,8
Name80,1440,97,8
Name80,5360,97,8
Name80,1200,97,8
Name80,5840,97,8
Name80,4640,97,8
Name81,3645,98,8
Name81,324,98,8
Name81,5022,98,8
Name81,3564,98,8
Name81,3726,98,8
Name81,2835,98,8
Name81,1782,98,8
Name81,6156,98,8
Name81,6237,98,8
Name81,6156,98,8
Name82,3116,99,8
Name82,5166,99,8
Name82,574,99,8
Name82,4674,99,8
Name82,4428,99,8
Name82,2788,99,8
Name83,5727,100,8
Name83,5976,100,8
Name83,4482,100,8
Name83,3154,100,8
Name84,4620,101,8
Name84,7140,101,8
Name84,4704,101,8
Name84,2856,101,8
Name84,336,101,8
Name84,1428,101,8
Name84,2772,101,8
Name84,5292,101,8
Name84,1344,101,8
Name85,6800,102,9
Name85,2805,102,9
Name85,4760,102,9
Name86,5504,103,9
Name87,3045,104,9
Name87,261,104,9
Name87,6177,104,9
Name87,6264,104,9
Name87,4785,104,9
Name87,4176,104,9
Name87,2001,104,9
Name88,6336,105,9
Name88,352,105,9
Name88,792,105,9
Name89,623,106,9
Name89,267,106,9
Name89,6319,106,9
Name89,7120,106,9
Name89,5073,106,9
Name89,1869,106,9
Name89,445,106,9
Name89,4984,106,9
Name89,2937,106,9
Name89,7921,106,9
Name90,8100,107,9
Name90,2880,107,9
Name90,2070,107,9
Name90,5670,107,9
Name90,3510,107,9
Name90,6210,107,9
Name90,4590,107,9
Name91,819,108,9
Name91,8372,108,9
Name91,8190,108,9
Name91,7462,108,9
Name91,3549,108,9
Name91,1183,108,9
Name92,6808,109,9
Name92,184,109,9
Name92,7912,109,9
Name92,460,109,9
Name92,6072,109,9
Name92,2024,109,9
Name92,5796,109,9
Name92,5428,109,9
Name93,7347,110,9
Name93,8184,110,9
Name94,1034,111,9
Name94,1880,111,9
Name95,570,112,10
Name96,2976,113,10
Name96,3264,113,10
Name96,4800,113,10
Name96,5952,113,10
Name96,3744,113,10
Name96,4800,113,10
Name96,9312,113,10
Name96,4608,113,10
Name97,3783,114,10
Name97,8730,114,10
Name98,3430,115,10
Name98,1372,115,10
Name98,6370,115,10
Name98,4018,115,10
Name98,8134,115,10
Name98,5488,115,10
Name98,5390,115,10
Name99,3663,116,10
Name99,4158,116,10
Name99,6930,116,10
Name99,3366,116,10
Name99,7425,116,10
Name99,495,116,10
Name99,6633,116,10
Name100,7300,117,10
Name100,6100,117,10
Name100,600,117,10
